1 1 1 1 1 1 1 2 2 2 2 2 2 2 3 3 3 3 3 3 3 4 4 4 4 4 4 4 5 5 5 5 5 5 5 6 6 6 6 6 6 6 7 7 7 7 7 7 7 8 8 8 8 8 8 8 9 9 9 9 9 9 9 10 10 10 10 10 10 10 11 11 11 11 11 11 11 12 12 12 12 12 12 12 13 13 13 13 13 13 13 14 14 14 14 14 14 14 15 15 15 15 15 15 15 16 16 16 16 16 16 16 16
1 1 1 1 1 1 1 2 2 2 2 2 2 2 3 3 3 3 3 3 3 4 4 4 4 4 4 4 5 5 5 5 5 5 5 6 6 6 6 6 6 6 7 7 7 7 7 7 7 8 8 8 8 8 8 8 9 9 9 9 9 9 9 10 10 10 10 10 10 10 11 11 11 11 11 11 11 12 12 12 12 12 12 12 13 13 13 13 13 13 13 14 14 14 14 14 14 14 15 15 15 15 15 15 15 16 16 16 16 16 16 16 16
1 1 1 1 1 1 1 2 2 2 2 2 2 2 3 3 3 3 3 3 3 4 4 4 4 4 4 4 5 5 5 5 5 5 5 6 6 6 6 6 6 6 7 7 7 7 7 7 7 8 8 8 8 8 8 8 9 9 9 9 9 9 9 10 10 10 10 10 10 10 11 11 11 11 11 11 11 12 12 12 12 12 12 12 13 13 13 13 13 13 13 14 14 14 14 14 14 14 15 15 15 15 15 15 15 16 16 16 16 16 16 16 16
1 1 1 1 1 1 1 2 2 2 2 2 2 2 3 3 3 3 3 3 3 4 4 4 4 4 4 4 5 5 5 5 5 5 5 6 6 6 6 6 6 6 7 7 7 7 7 7 7 8 8 8 8 8 8 8 9 9 9 9 9 9 9 10 10 10 10 10 10 10 11 11 11 11 11 11 11 12 12 12 12 12 12 12 13 13 13 13 13 13 13 14 14 14 14 14 14 14 15 15 15 15 15 15 15 16 16 16 16 16 16 16 16
1 1 1 1 1 1 1 2 2 2 2 2 2 2 3 3 3 3 3 3 3 4 4 4 4 4 4 4 5 5 5 5 5 5 5 6 6 6 6 6 6 6 7 7 7 7 7 7 7 8 8 8 8 8 8 8 9 9 9 9 9 9 9 10 10 10 10 10 10 10 11 11 11 11 11 11 11 12 12 12 12 12 12 12 13 13 13 13 13 13 13 14 14 14 14 14 14 14 15 15 15 15 15 15 15 16 16 16 16 16 16 16 16
1 1 1 1 1 1 1 2 2 2 2 2 2 2 3 3 3 3 3 3 3 4 4 4 4 4 4 4 5 5 5 5 5 5 5 6 6 6 6 6 6 6 7 7 7 7 7 7 7 8 8 8 8 8 8 8 9 9 9 9 9 9 9 10 10 10 10 10 10 10 11 11 11 11 11 11 11 12 12 12 12 12 12 12 13 13 13 13 13 13 13 14 14 14 14 14 14 14 15 15 15 15 15 15 15 16 16 16 16 16 16 16 16
1 1 1 1 1 1 1 2 2 2 2 2 2 2 3 3 3 3 3 3 3 4 4 4 4 4 4 4 5 5 5 5 5 5 5 6 6 6 6 6 6 6 7 7 7 7 7 7 7 8 8 8 8 8 8 8 9 9 9 9 9 9 9 10 10 10 10 10 10 10 11 11 11 11 11 11 11 12 12 12 12 12 12 12 13 13 13 13 13 13 13 14 14 14 14 14 14 14 15 15 15 15 15 15 15 16 16 16 16 16 16 16 16
17 17 17 17 17 17 17 18 18 18 18 18 18 18 19 19 19 19 19 19 19 20 20 20 20 20 20 20 21 21 21 21 21 21 21 22 22 22 22 22 22 22 23 23 23 23 23 23 23 24 24 24 24 24 24 24 25 25 25 25 25 25 25 26 26 26 26 26 26 26 27 27 27 27 27 27 27 28 28 28 28 28 28 28 29 29 29 29 29 29 29 30 30 30 30 30 30 30 31 31 31 31 31 31 31 32 32 32 32 32 32 32 32
17 17 17 17 17 17 17 18 18 18 18 18 18 18 19 19 19 19 19 19 19 20 20 20 20 20 20 20 21 21 21 21 21 21 21 22 22 22 22 22 22 22 23 23 23 23 23 23 23 24 24 24 24 24 24 24 25 25 25 25 25 25 25 26 26 26 26 26 26 26 27 27 27 27 27 27 27 28 28 28 28 28 28 28 29 29 29 29 29 29 29 30 30 30 30 30 30 30 31 31 31 31 31 31 31 32 32 32 32 32 32 32 32
17 17 17 17 17 17 17 18 18 18 18 18 18 18 19 19 19 19 19 19 19 20 20 20 20 20 20 20 21 21 21 21 21 21 21 22 22 22 22 22 22 22 23 23 23 23 23 23 23 24 24 24 24 24 24 24 25 25 25 25 25 25 25 26 26 26 26 26 26 26 27 27 27 27 27 27 27 28 28 28 28 28 28 28 29 29 29 29 29 29 29 30 30 30 30 30 30 30 31 31 31 31 31 31 31 32 32 32 32 32 32 32 32
17 17 17 17 17 17 17 18 18 18 18 18 18 18 19 19 19 19 19 19 19 20 20 20 20 20 20 20 21 21 21 21 21 21 21 22 22 22 22 22 22 22 23 23 23 23 23 23 23 24 24 24 24 24 24 24 25 25 25 25 25 25 25 26 26 26 26 26 26 26 27 27 27 27 27 27 27 28 28 28 28 28 28 28 29 29 29 29 29 29 29 30 30 30 30 30 30 30 31 31 31 31 31 31 31 32 32 32 32 32 32 32 32
17 17 17 17 17 17 17 18 18 18 18 18 18 18 19 19 19 19 19 19 19 20 20 20 20 20 20 20 21 21 21 21 21 21 21 22 22 22 22 22 22 22 23 23 23 23 23 23 23 24 24 24 24 24 24 24 25 25 25 25 25 25 25 26 26 26 26 26 26 26 27 27 27 27 27 27 27 28 28 28 28 28 28 28 29 29 29 29 29 29 29 30 30 30 30 30 30 30 31 31 31 31 31 31 31 32 32 32 32 32 32 32 32
17 17 17 17 17 17 17 18 18 18 18 18 18 18 19 19 19 19 19 19 19 20 20 20 20 20 20 20 21 21 21 21 21 21 21 22 22 22 22 22 22 22 23 23 23 23 23 23 23 24 24 24 24 24 24 24 25 25 25 25 25 25 25 26 26 26 26 26 26 26 27 27 27 27 27 27 27 28 28 28 28 28 28 28 29 29 29 29 29 29 29 30 30 30 30 30 30 30 31 31 31 31 31 31 31 32 32 32 32 32 32 32 32
17 17 17 17 17 17 17 18 18 18 18 18 18 18 19 19 19 19 19 19 19 20 20 20 20 20 20 20 21 21 21 21 21 21 21 22 22 22 22 22 22 22 23 23 23 23 23 23 23 24 24 24 24 24 24 24 25 25 25 25 25 25 25 26 26 26 26 26 26 26 27 27 27 27 27 27 27 28 28 28 28 28 28 28 29 29 29 29 29 29 29 30 30 30 30 30 30 30 31 31 31 31 31 31 31 32 32 32 32 32 32 32 32
33 33 33 33 33 33 33 34 34 34 34 34 34 34 35 35 35 35 35 35 35 36 36 36 36 36 36 36 37 37 37 37 37 37 37 38 38 38 38 38 38 38 39 39 39 39 39 39 39 40 40 40 40 40 40 40 41 41 41 41 41 41 41 42 42 42 42 42 42 42 43 43 43 43 43 43 43 44 44 44 44 44 44 44 45 45 45 45 45 45 45 46 46 46 46 46 46 46 47 47 47 47 47 47 47 48 48 48 48 48 48 48 48
33 33 33 33 33 33 33 34 34 34 34 34 34 34 35 35 35 35 35 35 35 36 36 36 36 36 36 36 37 37 37 37 37 37 37 38 38 38 38 38 38 38 39 39 39 39 39 39 39 40 40 40 40 40 40 40 41 41 41 41 41 41 41 42 42 42 42 42 42 42 43 43 43 43 43 43 43 44 44 44 44 44 44 44 45 45 45 45 45 45 45 46 46 46 46 46 46 46 47 47 47 47 47 47 47 48 48 48 48 48 48 48 48
33 33 33 33 33 33 33 34 34 34 34 34 34 34 35 35 35 35 35 35 35 36 36 36 36 36 36 36 37 37 37 37 37 37 37 38 38 38 38 38 38 38 39 39 39 39 39 39 39 40 40 40 40 40 40 40 41 41 41 41 41 41 41 42 42 42 42 42 42 42 43 43 43 43 43 43 43 44 44 44 44 44 44 44 45 45 45 45 45 45 45 46 46 46 46 46 46 46 47 47 47 47 47 47 47 48 48 48 48 48 48 48 48
33 33 33 33 33 33 33 34 34 34 34 34 34 34 35 35 35 35 35 35 35 36 36 36 36 36 36 36 37 37 37 37 37 37 37 38 38 38 38 38 38 38 39 39 39 39 39 39 39 40 40 40 40 40 40 40 41 41 41 41 41 41 41 42 42 42 42 42 42 42 43 43 43 43 43 43 43 44 44 44 44 44 44 44 45 45 45 45 45 45 45 46 46 46 46 46 46 46 47 47 47 47 47 47 47 48 48 48 48 48 48 48 48
33 33 33 33 33 33 33 34 34 34 34 34 34 34 35 35 35 35 35 35 35 36 36 36 36 36 36 36 37 37 37 37 37 37 37 38 38 38 38 38 38 38 39 39 39 39 39 39 39 40 40 40 40 40 40 40 41 41 41 41 41 41 41 42 42 42 42 42 42 42 43 43 43 43 43 43 43 44 44 44 44 44 44 44 45 45 45 45 45 45 45 46 46 46 46 46 46 46 47 47 47 47 47 47 47 48 48 48 48 48 48 48 48
33 33 33 33 33 33 33 34 34 34 34 34 34 34 35 35 35 35 35 35 35 36 36 36 36 36 36 36 37 37 37 37 37 37 37 38 38 38 38 38 38 38 39 39 39 39 39 39 39 40 40 40 40 40 40 40 41 41 41 41 41 41 41 42 42 42 42 42 42 42 43 43 43 43 43 43 43 44 44 44 44 44 44 44 45 45 45 45 45 45 45 46 46 46 46 46 46 46 47 47 47 47 47 47 47 48 48 48 48 48 48 48 48
33 33 33 33 33 33 33 34 34 34 34 34 34 34 35 35 35 35 35 35 35 36 36 36 36 36 36 36 37 37 37 37 37 37 37 38 38 38 38 38 38 38 39 39 39 39 39 39 39 40 40 40 40 40 40 40 41 41 41 41 41 41 41 42 42 42 42 42 42 42 43 43 43 43 43 43 43 44 44 44 44 44 44 44 45 45 45 45 45 45 45 46 46 46 46 46 46 46 47 47 47 47 47 47 47 48 48 48 48 48 48 48 48
49 49 49 49 49 49 49 50 50 50 50 50 50 50 51 51 51 51 51 51 51 52 52 52 52 52 52 52 53 53 53 53 53 53 53 54 54 54 54 54 54 54 55 55 55 55 55 55 55 40 40 40 40 40 40 40 56 56 56 56 56 56 56 57 57 57 57 57 57 57 58 58 58 58 58 58 58 59 59 59 59 59 59 59 60 60 60 60 60 60 60 61 61 61 61 61 61 61 62 62 62 62 62 62 62 63 63 63 63 63 63 63 63
49 49 49 49 49 49 49 50 50 50 50 50 50 50 51 51 51 51 51 51 51 52 52 52 52 52 52 52 53 53 53 53 53 53 53 54 54 54 54 54 54 54 55 55 55 55 55 55 55 55 64 64 64 64 64 56 56 56 56 56 56 56 56 57 57 57 57 57 57 57 58 58 58 58 58 58 58 59 59 59 59 59 59 59 60 60 60 60 60 60 60 61 61 61 61 61 61 61 62 62 62 62 62 62 62 63 63 63 63 63 63 63 63
49 49 49 49 49 49 49 50 50 50 50 50 50 50 51 51 51 51 51 51 51 52 52 52 52 52 52 52 53 53 53 53 53 53 53 54 54 54 54 54 54 54 55 55 55 55 55 55 55 55 64 64 64 64 64 56 56 56 56 56 56 56 56 57 57 57 57 57 57 57 58 58 58 58 58 58 58 59 59 59 59 59 59 59 60 60 60 60 60 60 60 61 61 61 61 61 61 61 62 62 62 62 62 62 62 63 63 63 63 63 63 63 63
49 49 49 49 49 49 49 50 50 50 50 50 50 50 51 51 51 51 51 51 51 52 52 52 52 52 52 52 53 53 53 53 53 53 53 54 54 54 54 54 54 54 55 55 55 55 55 55 55 64 64 64 64 64 64 64 56 56 56 56 56 56 56 57 57 57 57 57 57 57 58 58 58 58 58 58 58 59 59 59 59 59 59 59 60 60 60 60 60 60 60 61 61 61 61 61 61 61 62 62 62 62 62 62 62 63 63 63 63 63 63 63 63
49 49 49 49 49 49 49 50 50 50 50 50 50 50 51 51 51 51 51 51 51 52 52 52 52 52 52 52 53 53 53 53 53 53 53 54 54 54 54 54 54 54 55 55 55 55 55 55 55 64 64 64 64 64 64 64 56 56 56 56 56 56 56 57 57 57 57 57 57 57 58 58 58 58 58 58 58 59 59 59 59 59 59 59 60 60 60 60 60 60 60 61 61 61 61 61 61 61 62 62 62 62 62 62 62 63 63 63 63 63 63 63 63
49 49 49 49 49 49 49 50 50 50 50 50 50 50 51 51 51 51 51 51 51 52 52 52 52 52 52 52 53 53 53 53 53 53 53 54 54 54 54 54 54 54 55 55 55 55 55 55 55 64 64 64 64 64 64 64 56 56 56 56 56 56 56 57 57 57 57 57 57 57 58 58 58 58 58 58 58 59 59 59 59 59 59 59 60 60 60 60 60 60 60 61 61 61 61 61 61 61 62 62 62 62 62 62 62 63 63 63 63 63 63 63 63
49 49 49 49 49 49 49 50 50 50 50 50 50 50 51 51 51 51 51 51 51 52 52 52 52 52 52 52 53 53 53 53 53 53 53 54 54 54 54 54 54 54 55 55 55 55 55 55 64 64 64 64 64 64 64 64 65 65 56 56 56 56 56 57 57 57 57 57 57 57 58 58 58 58 58 58 58 59 59 59 59 59 59 59 60 60 60 60 60 60 60 61 61 61 61 61 61 61 62 62 62 62 62 62 62 63 63 63 63 63 63 63 63
66 66 66 66 66 66 66 67 67 67 67 67 67 67 68 68 68 68 68 68 68 69 69 69 69 69 69 69 53 53 53 53 53 53 53 70 70 70 70 70 70 70 71 71 71 71 71 71 71 64 64 64 64 64 64 65 65 65 65 65 65 65 72 72 72 72 72 72 72 72 58 58 58 58 58 58 58 73 73 73 73 73 73 73 74 74 74 74 74 74 74 75 75 75 75 75 75 75 76 76 76 76 76 76 76 77 77 77 77 77 77 77 77
66 66 66 66 66 66 66 67 67 67 67 67 67 67 68 68 68 68 68 68 68 69 69 69 69 69 69 69 69 53 53 53 53 78 70 70 70 70 70 70 70 70 71 71 71 71 71 71 71 71 64 64 64 64 64 65 65 65 65 65 65 65 72 72 72 72 72 72 72 72 72 79 79 79 79 79 73 73 73 73 73 73 73 73 74 74 74 74 74 74 74 75 75 75 75 75 75 75 76 76 76 76 76 76 76 77 77 77 77 77 77 77 77
66 66 66 66 66 66 66 67 67 67 67 67 67 67 68 68 68 68 68 68 68 69 69 69 69 69 69 69 69 78 78 78 78 78 70 70 70 70 70 70 70 70 71 71 71 71 71 71 71 71 64 64 64 64 65 65 65 65 65 65 65 65 72 72 72 72 72 72 72 72 79 79 79 79 79 79 73 73 73 73 73 73 73 73 74 74 74 74 74 74 74 75 75 75 75 75 75 75 76 76 76 76 76 76 76 77 77 77 77 77 77 77 77
66 66 66 66 66 66 66 67 67 67 67 67 67 67 68 68 68 68 68 68 68 69 69 69 69 69 69 69 69 78 78 78 78 78 78 70 70 70 70 70 70 70 71 71 71 71 71 71 71 71 71 64 64 65 65 65 65 65 65 65 65 65 72 72 72 72 72 72 72 72 79 79 79 79 79 79 73 73 73 73 73 73 73 73 74 74 74 74 74 74 74 75 75 75 75 75 75 75 76 76 76 76 76 76 76 77 77 77 77 77 77 77 77
66 66 66 66 66 66 66 67 67 67 67 67 67 67 68 68 68 68 68 68 68 69 69 69 69 69 69 69 78 78 78 78 78 78 78 70 70 70 70 70 70 70 71 71 71 71 71 71 71 71 71 71 65 65 65 65 65 65 65 65 65 65 72 72 72 72 72 72 72 72 79 79 79 79 79 79 79 73 73 73 73 73 73 73 74 74 74 74 74 74 74 75 75 75 75 75 75 75 76 76 76 76 76 76 76 77 77 77 77 77 77 77 77
66 66 66 66 66 66 66 67 67 67 67 67 67 67 68 68 68 68 68 68 68 69 69 69 69 69 69 69 78 78 78 78 78 78 78 70 70 70 70 70 70 70 71 71 71 71 71 65 65 65 65 65 65 65 65 65 65 65 65 65 65 65 72 72 72 72 72 72 72 79 79 79 79 79 79 79 79 73 73 73 73 73 73 73 74 74 74 74 74 74 74 75 75 75 75 75 75 75 76 76 76 76 76 76 76 77 77 77 77 77 77 77 77
66 66 66 66 66 66 66 67 67 67 67 67 67 67 68 68 68 68 68 68 68 69 69 69 69 69 69 69 78 78 78 78 78 78 78 78 70 70 70 70 70 70 71 71 71 71 65 65 65 65 65 65 65 65 65 65 65 65 65 65 65 72 72 72 72 72 72 72 72 79 79 79 79 79 79 79 79 73 73 73 73 73 73 73 74 74 74 74 74 74 74 75 75 75 75 75 75 75 76 76 76 76 76 76 76 77 77 77 77 77 77 77 77
80 80 80 80 80 80 80 81 81 81 81 81 81 81 82 82 82 82 82 82 82 82 69 69 69 69 83 83 78 78 78 78 78 78 78 78 70 70 70 70 70 70 71 71 71 71 84 84 84 84 84 84 84 84 84 84 84 85 85 86 86 86 86 86 72 72 72 72 72 79 79 79 79 79 79 79 79 87 87 87 87 87 87 87 88 88 88 88 88 88 88 89 89 89 89 89 89 89 90 90 90 90 90 90 90 91 91 91 91 91 91 91 91
80 80 80 80 80 80 80 81 81 81 81 81 81 81 82 82 82 82 82 82 82 82 83 83 83 83 83 83 83 78 78 78 78 78 78 78 70 70 70 70 70 70 92 92 92 92 84 84 84 84 84 84 84 84 84 84 84 84 85 85 85 85 85 86 86 86 86 79 79 79 79 79 79 79 79 79 87 87 87 87 87 87 87 87 88 88 88 88 88 88 88 89 89 89 89 89 89 89 90 90 90 90 90 90 90 91 91 91 91 91 91 91 91
80 80 80 80 80 80 80 81 81 81 81 81 81 81 82 82 82 82 82 82 82 82 83 83 83 83 83 83 83 83 78 78 78 78 78 83 83 70 70 70 92 92 92 92 92 92 84 84 84 84 84 84 84 84 84 84 84 84 85 85 85 85 85 85 85 86 86 86 86 79 79 79 79 79 79 79 87 87 87 87 87 87 87 87 88 88 88 88 88 88 88 89 89 89 89 89 89 89 90 90 90 90 90 90 90 91 91 91 91 91 91 91 91
80 80 80 80 80 80 80 81 81 81 81 81 81 81 82 82 82 82 82 82 82 82 83 83 83 83 83 83 83 83 83 78 78 78 83 83 70 70 92 92 92 92 92 92 92 92 92 84 84 84 84 84 84 84 84 84 84 84 85 85 85 85 85 85 85 85 85 86 86 86 86 79 79 79 79 87 87 87 87 87 87 87 87 87 88 88 88 88 88 88 88 89 89 89 89 89 89 89 90 90 90 90 90 90 90 91 91 91 91 91 91 91 91
80 80 80 80 80 80 80 81 81 81 81 81 81 81 82 82 82 82 82 82 82 82 83 83 83 83 83 83 83 83 83 83 83 83 83 83 92 92 92 92 92 92 92 92 92 92 92 92 84 84 84 84 84 84 84 84 84 84 84 85 85 85 85 85 85 85 85 85 86 86 86 86 86 87 87 87 87 87 87 87 87 87 87 87 88 88 88 88 88 88 88 89 89 89 89 89 89 89 90 90 90 90 90 90 90 91 91 91 91 91 91 91 91
80 80 80 80 80 80 80 81 81 81 81 81 81 81 82 82 82 82 82 82 82 82 83 83 83 83 83 83 83 83 83 83 83 83 83 92 92 92 92 92 92 92 92 92 92 92 92 84 84 84 84 84 84 84 84 84 84 84 85 85 85 85 85 85 85 85 85 85 85 86 86 86 86 86 87 87 87 87 87 87 87 87 87 87 88 88 88 88 88 88 88 89 89 89 89 89 89 89 90 90 90 90 90 90 90 91 91 91 91 91 91 91 91
80 80 80 80 80 80 80 81 81 81 81 81 81 81 82 82 82 82 82 82 82 82 83 83 83 83 83 83 83 83 83 83 83 83 92 92 92 92 92 92 92 92 92 92 92 92 92 84 84 84 84 84 93 93 93 93 93 85 85 85 85 85 85 85 85 85 85 85 85 86 86 86 94 94 94 94 87 87 87 87 87 87 87 87 88 88 88 88 88 88 88 89 89 89 89 89 89 89 90 90 90 90 90 90 90 91 91 91 91 91 91 91 91
95 95 95 95 95 95 95 96 96 96 96 96 96 96 97 97 97 97 97 97 97 97 98 83 83 83 83 83 83 83 83 83 83 99 92 92 92 92 92 92 92 92 92 92 92 92 93 93 93 93 93 93 93 93 100 100 100 85 85 85 85 85 85 85 85 85 85 85 85 94 94 94 94 94 94 94 94 87 87 87 87 87 101 101 101 101 101 101 88 88 102 102 102 102 102 102 102 102 103 103 103 103 103 103 103 104 104 104 104 104 104 104 104
95 95 95 95 95 95 95 96 96 96 96 96 96 96 97 97 97 97 97 97 97 97 98 98 98 98 98 83 83 83 83 83 99 99 99 92 92 92 92 92 92 92 105 105 105 105 105 105 105 93 93 93 93 93 100 100 100 100 100 100 94 94 94 85 85 85 85 85 94 94 94 94 94 94 94 94 94 94 101 87 87 101 101 101 101 101 101 101 101 101 102 102 102 102 102 102 102 102 103 103 103 103 103 103 103 104 104 104 104 104 104 104 104
95 95 95 95 95 95 95 96 96 96 96 96 96 96 97 97 97 97 97 97 97 98 98 98 98 98 98 98 83 83 83 99 99 99 99 99 92 92 92 92 106 105 105 105 105 105 105 105 105 93 93 93 93 93 93 100 100 100 100 100 100 100 94 94 94 85 85 85 94 94 94 94 94 94 94 94 94 94 101 101 87 101 101 101 101 101 101 101 101 101 102 102 102 102 102 102 102 102 103 103 103 103 103 103 103 104 104 104 104 104 104 104 104
95 95 95 95 95 95 95 96 96 96 96 96 96 96 97 97 97 97 97 97 97 98 98 98 98 98 98 98 83 83 99 99 99 99 99 99 92 92 106 106 106 105 105 105 105 105 105 105 105 93 93 93 93 93 93 100 100 100 100 100 100 100 100 100 94 94 85 85 94 94 94 94 94 94 94 94 94 94 94 101 101 101 101 101 101 101 101 101 101 101 102 102 102 102 102 102 102 102 103 103 103 103 103 103 103 104 104 104 104 104 104 104 104
95 95 95 95 95 95 95 96 96 96 96 96 96 96 97 97 97 97 97 97 97 98 98 98 98 98 98 98 83 99 99 99 99 99 99 99 106 106 106 106 106 105 105 105 105 105 105 105 105 105 93 93 93 93 93 100 100 100 100 100 100 100 100 100 100 94 94 94 94 94 94 94 94 94 94 94 94 94 94 101 101 101 101 101 101 101 101 101 101 101 102 102 102 102 102 102 102 102 103 103 103 103 103 103 103 104 104 104 104 104 104 104 104
95 95 95 95 95 95 95 96 96 96 96 96 96 96 97 97 97 97 97 97 97 98 98 98 98 98 98 98 99 99 99 99 99 99 99 106 106 106 106 106 106 105 105 105 105 105 105 105 105 105 105 93 93 93 93 93 100 100 100 100 100 100 100 107 107 107 94 94 94 94 94 94 94 94 94 94 101 101 101 101 101 101 101 101 101 101 101 101 101 101 102 102 102 102 102 102 102 102 103 103 103 103 103 103 103 104 104 104 104 104 104 104 104
95 95 95 95 95 95 95 96 96 96 96 96 96 96 97 97 97 97 97 97 97 98 98 98 98 98 98 99 99 99 99 99 99 99 106 106 106 106 106 106 106 106 105 105 105 105 105 105 105 105 105 93 93 93 93 93 100 100 108 108 108 108 108 107 107 107 107 107 94 94 94 94 94 94 94 107 107 107 101 101 101 101 101 101 101 109 109 101 101 101 102 102 102 102 102 102 102 102 103 103 103 103 103 103 103 104 104 104 104 104 104 104 104
110 110 110 110 110 110 110 111 111 111 111 111 111 111 112 112 112 112 112 112 112 98 98 98 98 98 98 99 99 99 99 99 113 106 106 106 106 106 106 106 106 106 105 105 105 105 105 105 105 105 105 93 93 114 93 93 100 108 108 108 108 108 108 107 107 107 107 107 107 94 94 94 94 94 94 107 107 107 107 107 101 101 101 101 109 109 109 109 109 109 115 115 115 115 115 115 115 115 116 116 116 116 116 116 116 117 117 117 117 117 117 117 117
110 110 110 110 110 110 110 111 111 111 111 111 111 111 112 112 112 112 112 112 112 112 98 98 98 98 99 99 99 99 99 113 113 106 106 106 106 106 106 106 106 106 106 105 105 105 105 105 105 105 105 93 93 114 114 93 108 108 108 108 108 108 108 107 107 107 107 107 107 107 94 94 94 94 94 107 107 118 118 118 101 101 101 109 109 109 109 109 109 109 115 115 115 115 115 115 115 115 116 116 116 116 116 116 116 117 117 117 117 117 117 117 117
110 110 110 110 110 110 110 111 111 111 111 111 111 111 112 112 112 112 112 112 112 112 112 98 98 99 99 99 99 99 113 113 113 106 106 106 106 106 106 106 106 106 119 119 119 105 105 105 105 119 93 93 114 114 114 114 108 108 108 108 108 108 108 107 107 107 107 107 107 107 107 94 94 94 94 107 107 118 118 118 118 109 109 109 109 109 109 109 109 109 115 115 115 115 115 115 115 115 116 116 116 116 116 116 116 117 117 117 117 117 117 117 117
110 110 110 110 110 110 110 111 111 111 111 111 111 111 112 112 112 112 112 112 112 112 112 98 98 99 99 99 99 113 113 113 113 106 106 106 106 106 106 106 106 106 119 119 119 119 119 119 119 119 93 114 114 114 114 114 108 108 108 108 108 108 108 107 107 107 107 107 107 107 107 107 94 94 94 107 118 118 118 118 118 109 109 109 109 109 109 109 109 109 115 115 115 115 115 115 115 115 116 116 116 116 116 116 116 117 117 117 117 117 117 117 117
110 110 110 110 110 110 110 111 111 111 111 111 111 111 112 112 112 112 112 112 112 112 112 99 99 99 99 99 113 113 113 113 113 113 106 106 106 106 106 106 106 119 119 119 119 119 119 119 120 120 114 114 114 114 114 114 108 108 108 108 108 108 108 107 107 107 107 107 107 107 107 107 107 107 107 107 118 118 118 118 118 118 118 109 109 109 109 109 109 109 115 115 115 115 115 115 115 115 116 116 116 116 116 116 116 117 117 117 117 117 117 117 117
110 110 110 110 110 110 110 111 111 111 111 111 111 111 112 112 112 112 112 112 112 112 112 99 99 99 112 113 113 113 113 113 113 113 113 106 106 106 106 119 119 119 119 119 119 119 119 120 120 120 114 114 114 114 114 114 108 108 108 108 108 108 108 107 107 107 107 107 107 107 107 107 107 107 107 118 118 118 118 118 118 118 118 118 118 109 109 109 109 109 115 115 115 115 115 115 115 115 116 116 116 116 116 116 116 117 117 117 117 117 117 117 117
110 110 110 110 110 110 110 111 111 111 111 111 111 111 112 112 112 112 112 112 112 112 112 99 99 112 112 113 113 113 113 113 113 113 113 113 113 119 119 119 119 119 119 119 119 119 119 120 120 120 114 114 114 114 114 114 108 108 108 108 108 108 108 107 107 107 107 107 107 107 107 121 121 121 107 118 118 118 118 118 118 118 118 118 118 118 109 109 109 109 115 115 115 115 115 115 115 115 116 116 116 116 116 116 116 117 117 117 117 117 117 117 117
122 122 122 122 122 122 122 123 123 123 123 123 123 124 124 124 124 124 112 112 112 112 112 99 112 112 113 113 113 113 113 113 113 113 113 113 119 119 119 119 119 119 119 119 119 119 120 120 120 120 120 114 114 114 114 120 108 108 125 125 125 125 125 126 126 126 126 126 126 126 121 121 121 121 107 118 118 118 118 118 118 118 118 118 127 127 109 109 109 109 128 128 128 128 128 128 128 129 129 129 129 129 129 129 129 130 130 130 130 130 130 130 130
122 122 122 122 122 122 122 123 123 123 123 123 123 124 124 124 124 124 124 124 131 112 112 112 112 112 131 131 131 132 132 132 132 132 132 132 133 133 133 133 133 119 119 119 119 119 119 120 120 120 120 120 120 120 120 120 108 125 125 125 125 125 125 126 126 126 126 126 126 126 121 121 121 121 121 118 118 118 118 118 118 118 118 118 127 127 127 109 109 109 128 128 128 128 128 128 128 129 129 129 129 129 129 129 129 130 130 130 130 130 130 130 130
122 122 122 122 122 122 122 123 123 123 123 123 123 124 124 124 124 124 124 124 131 112 112 112 112 131 131 132 132 132 132 132 132 132 133 133 133 133 133 133 133 133 133 133 133 119 119 119 119 120 120 120 120 120 120 120 108 125 125 125 125 125 125 126 126 126 126 126 126 126 121 121 121 121 121 118 118 118 118 118 134 134 118 118 118 127 127 127 109 109 128 128 128 128 128 128 128 129 129 129 129 129 129 129 129 130 130 130 130 130 130 130 130
122 122 122 122 122 122 122 123 123 123 123 123 123 124 124 124 124 124 124 124 131 131 112 131 131 131 132 132 132 132 132 132 132 132 133 133 133 133 133 133 133 133 135 135 135 135 135 119 119 120 120 120 120 120 120 125 125 125 125 125 125 125 125 126 126 126 126 126 126 121 121 121 121 121 121 118 118 118 118 118 134 134 134 134 118 127 127 127 127 109 128 128 128 128 128 128 128 129 129 129 129 129 129 129 129 130 130 130 130 130 130 130 130
122 122 122 122 122 122 123 123 123 123 123 123 123 124 124 124 124 124 124 124 131 131 131 131 131 131 132 132 132 132 132 132 132 132 133 133 133 133 133 133 133 135 135 135 135 135 135 135 135 120 120 120 120 120 125 125 125 125 125 125 125 125 125 126 126 126 126 126 126 121 121 121 121 121 121 121 118 118 118 118 134 134 134 134 134 127 127 127 127 127 128 128 128 128 128 128 128 129 129 129 129 129 129 129 129 130 130 130 130 130 130 130 130
122 122 122 122 122 122 123 123 123 123 123 123 123 124 124 124 124 124 124 131 131 131 131 131 131 131 131 132 132 132 132 132 132 132 132 133 133 133 133 133 133 135 135 135 135 135 135 135 135 135 136 125 125 125 125 125 125 125 125 125 125 125 125 126 126 126 126 126 126 121 121 121 121 121 121 121 137 137 137 118 134 134 134 134 134 127 127 127 138 138 128 128 128 128 128 128 128 129 129 129 129 129 129 129 129 130 130 130 130 130 130 130 130
122 122 122 122 122 122 123 123 123 123 123 123 123 124 124 124 124 124 124 131 131 131 131 131 131 131 131 131 132 132 132 132 132 132 132 133 133 133 133 133 133 135 135 135 135 135 135 135 135 136 136 136 136 136 136 136 125 125 125 125 125 125 125 126 126 126 126 126 126 121 121 121 121 121 121 121 137 137 137 118 134 134 134 134 134 127 127 127 138 138 138 128 128 128 128 128 128 129 129 129 129 129 129 129 129 130 130 130 130 130 130 130 130
139 139 139 139 139 139 139 123 123 123 140 140 140 140 124 124 124 124 141 141 141 131 131 131 142 142 142 142 143 143 143 132 132 132 132 133 133 133 133 133 133 135 135 135 135 135 135 135 135 136 136 136 136 136 136 136 125 125 125 125 125 125 125 126 126 126 126 126 126 121 121 121 121 121 121 121 137 137 137 118 134 134 134 134 134 127 127 127 127 138 138 138 128 128 128 128 128 129 129 129 129 129 129 129 129 144 144 144 144 144 144 144 144
139 139 139 139 139 139 139 139 140 140 140 140 140 140 140 140 124 141 141 141 141 141 142 142 142 142 142 142 143 143 143 143 143 132 132 145 145 145 145 133 133 135 135 135 135 135 135 135 135 136 136 136 136 136 136 136 136 146 146 146 146 146 146 146 126 126 126 126 147 147 121 121 121 121 121 121 137 137 137 118 134 134 148 134 134 134 127 127 127 138 138 138 138 138 128 128 128 149 149 149 149 149 149 149 149 144 144 144 144 144 144 144 144
139 139 139 139 139 139 139 139 140 140 140 140 140 140 140 140 140 141 141 141 141 141 142 142 142 142 142 143 143 143 143 143 143 143 145 145 145 145 145 145 145 135 135 135 135 135 135 135 136 136 136 136 136 136 136 136 136 146 146 146 146 146 146 146 146 147 147 147 147 147 147 147 121 121 121 137 137 137 137 118 134 134 148 148 134 134 148 127 127 127 138 138 138 138 128 149 149 149 149 149 149 149 149 149 149 144 144 144 144 144 144 144 144
139 139 139 139 139 139 139 139 140 140 140 140 140 140 140 140 140 141 141 141 141 141 142 142 142 142 142 143 143 143 143 143 143 143 143 145 145 145 145 145 145 145 145 135 135 135 135 135 136 136 136 136 136 136 136 136 146 146 146 146 146 146 146 146 146 147 147 147 147 147 147 147 147 147 147 137 137 137 137 118 134 148 148 148 148 134 148 127 127 127 138 138 138 138 128 149 149 149 149 149 149 149 149 149 149 144 144 144 144 144 144 144 144
139 139 139 139 139 139 139 139 140 140 140 140 140 140 140 140 141 141 141 141 141 141 142 142 142 142 150 150 143 143 143 143 143 143 143 143 145 145 145 145 145 145 145 145 145 135 135 135 136 136 136 136 136 136 136 136 146 146 146 146 146 146 146 146 146 147 147 147 147 147 147 147 147 147 147 137 137 137 137 137 134 148 148 148 148 134 148 148 127 127 138 138 138 138 138 149 149 149 149 149 149 149 149 149 149 144 144 144 144 144 144 144 144
139 139 139 139 139 139 139 139 140 140 140 140 140 140 140 140 141 141 141 141 141 141 142 142 142 142 150 151 151 151 151 143 143 143 143 143 145 145 145 145 145 145 145 145 145 145 152 136 136 136 136 136 136 136 136 136 146 146 146 146 146 146 146 146 146 147 147 147 147 147 147 147 147 147 137 137 137 137 137 137 148 148 148 148 148 148 148 148 127 153 153 138 138 138 138 149 149 149 149 149 149 149 149 149 149 144 144 144 144 144 144 144 144
139 139 139 139 139 139 139 139 140 140 140 140 140 140 140 140 141 141 154 154 141 141 142 142 142 150 150 151 151 151 151 151 143 143 143 143 143 145 145 145 145 145 145 145 145 145 152 152 152 152 136 136 136 136 136 146 146 146 146 146 146 146 146 146 147 147 147 147 147 147 147 147 147 147 137 137 137 137 137 137 148 148 148 148 148 148 148 148 127 153 153 138 138 138 138 138 149 149 149 149 149 149 149 149 149 144 144 144 144 144 144 144 144
155 155 155 155 155 155 155 156 156 156 156 156 156 156 156 156 141 141 154 154 141 141 142 142 142 150 150 151 151 151 151 151 151 151 143 157 157 157 157 157 158 158 145 145 145 145 152 152 152 152 152 152 152 152 136 146 146 146 146 146 146 146 146 146 147 147 147 147 147 147 147 147 147 147 137 137 137 137 137 137 148 148 148 148 148 148 148 148 153 153 153 138 138 138 138 138 149 149 149 149 149 149 149 149 159 159 159 159 159 144 144 144 144
155 155 155 155 155 155 155 156 156 156 156 156 156 156 156 156 141 141 154 154 141 154 142 142 142 150 150 151 151 151 151 151 151 151 157 157 157 157 157 157 158 158 158 158 158 158 158 152 152 152 152 152 152 152 152 146 146 146 146 146 146 146 146 146 147 147 147 147 147 147 147 147 147 147 160 160 137 137 137 137 148 148 148 148 148 148 148 148 153 153 153 138 138 138 138 138 138 149 149 149 149 149 149 149 159 159 159 159 159 159 159 159 159
155 155 155 155 155 155 155 156 156 156 156 156 156 156 156 156 141 141 154 154 154 154 142 142 142 150 150 151 151 151 151 151 151 151 151 157 157 157 157 157 157 158 158 158 158 158 158 158 158 152 152 152 152 152 152 152 161 161 161 161 161 161 161 161 161 161 161 161 147 147 147 147 147 160 160 160 137 137 137 148 148 148 148 148 148 148 148 148 153 153 153 138 138 138 138 138 138 138 149 149 149 149 149 159 159 159 159 159 159 159 159 159 159
155 155 155 155 155 155 155 156 156 156 156 156 156 156 156 156 141 141 154 154 154 154 142 150 150 150 150 150 151 151 151 151 151 151 151 151 157 157 157 157 157 158 158 158 158 158 158 158 158 158 152 152 152 152 152 152 161 161 161 161 161 161 161 161 161 161 161 161 160 160 160 160 160 160 160 160 137 137 137 148 148 148 148 148 148 148 148 148 153 153 153 162 138 138 138 138 138 138 138 149 149 149 159 159 159 159 159 159 159 159 159 159 159
155 155 155 155 155 155 155 156 156 156 156 156 156 156 156 156 141 154 154 154 154 154 154 150 150 150 150 150 150 151 151 151 151 151 151 151 157 157 157 157 157 157 157 158 158 158 158 158 158 158 158 152 152 152 152 152 161 161 161 161 161 161 161 161 161 161 161 161 163 163 163 163 163 160 160 160 137 137 137 164 164 164 148 148 148 148 148 165 153 153 153 162 138 138 138 138 138 138 138 149 159 159 159 159 159 159 159 159 159 159 159 159 159
155 155 155 155 155 155 155 156 156 156 156 156 156 156 156 156 141 154 154 154 154 154 154 150 150 150 150 150 150 151 151 151 151 151 151 151 157 157 157 157 157 157 157 157 158 158 158 158 158 158 158 152 152 152 152 152 161 161 161 161 161 161 161 161 161 161 163 163 163 163 163 163 163 163 160 160 160 137 164 164 164 164 164 164 164 148 148 165 153 153 153 162 138 138 138 138 138 138 138 149 159 159 159 159 159 159 159 159 159 159 159 159 159
155 155 155 155 155 155 155 156 156 156 156 156 156 156 156 156 154 154 154 154 154 154 154 154 150 150 150 150 150 151 151 151 151 151 151 151 157 157 157 157 157 157 157 157 157 158 158 166 166 166 158 158 167 167 152 152 161 161 161 161 161 161 161 161 161 163 163 163 163 163 163 163 163 163 160 160 160 137 164 164 164 164 164 164 164 164 148 165 153 153 153 162 162 138 162 138 138 168 168 168 168 168 159 159 159 159 159 159 159 159 159 159 159
169 169 169 169 169 169 169 170 170 170 170 170 170 170 170 170 154 154 154 154 154 154 154 154 150 150 150 150 150 150 151 151 151 151 151 171 171 171 171 157 157 157 157 157 157 166 166 166 166 166 166 167 167 167 167 167 167 167 167 167 161 161 161 161 163 163 163 163 163 163 163 163 163 163 163 160 160 137 164 164 164 164 164 164 164 164 164 165 165 153 153 162 162 162 162 162 168 168 168 168 168 168 172 172 172 172 172 172 172 172 172 172 172
169 169 169 169 169 169 169 170 170 170 170 170 170 170 170 170 154 154 154 154 154 154 154 154 154 150 150 173 173 173 151 151 151 171 171 171 171 171 171 171 171 171 157 157 166 166 166 166 166 166 166 166 167 167 167 167 167 167 167 167 167 167 161 161 163 163 163 163 163 163 163 163 163 163 163 160 160 164 164 164 164 164 164 164 164 164 164 165 165 153 153 162 162 162 162 162 168 168 168 168 168 168 172 172 172 172 172 172 172 172 172 172 172
169 169 169 169 169 169 169 170 170 170 170 170 170 170 170 170 154 154 154 154 154 174 174 154 154 150 150 173 173 173 173 151 171 171 171 171 171 171 171 171 171 171 171 166 166 166 166 166 166 166 166 166 166 167 167 167 167 167 167 167 167 167 175 176 176 163 163 163 163 163 163 163 163 163 176 176 160 164 164 164 164 164 164 164 164 164 164 165 165 153 153 177 177 162 162 162 168 168 168 168 168 168 172 172 172 172 172 172 172 172 172 172 172
169 169 169 169 169 169 169 170 170 170 170 170 170 170 170 170 154 154 154 154 154 174 174 174 154 150 150 173 173 173 173 173 171 171 171 171 171 171 171 171 171 171 178 178 178 178 166 166 166 166 166 166 166 166 167 167 167 167 167 167 167 175 175 175 176 176 163 163 163 163 176 176 176 176 176 179 164 164 164 164 164 164 164 164 164 164 164 165 165 153 153 177 177 162 162 162 168 168 168 168 168 168 168 172 172 172 172 172 172 172 172 172 172
169 169 169 169 169 169 169 170 170 170 170 170 170 170 170 170 154 154 154 154 154 174 174 174 174 150 173 173 173 173 173 173 173 171 171 171 171 171 171 171 171 178 178 178 178 178 178 178 166 166 166 166 166 166 166 166 167 167 167 175 175 175 175 175 175 176 176 163 163 176 176 176 176 176 179 179 164 164 164 164 164 164 164 164 164 164 164 165 165 153 177 177 177 162 162 162 168 168 168 168 168 168 168 172 172 172 172 172 172 172 172 172 172
169 169 169 169 169 169 169 170 170 170 170 170 170 170 170 170 154 154 154 154 154 174 174 174 174 174 173 173 173 173 173 173 173 173 171 171 171 171 171 171 171 178 178 178 178 178 178 178 178 178 166 166 166 166 166 166 180 180 181 181 181 181 175 175 175 175 176 176 176 176 176 176 176 179 179 182 164 164 164 164 164 164 164 164 164 164 164 165 165 183 177 177 177 177 177 162 168 168 168 168 168 168 168 172 172 172 172 172 172 172 172 172 172
169 169 169 169 169 169 169 170 170 170 170 170 170 170 170 170 154 154 154 154 174 174 174 174 174 174 174 173 173 173 173 173 173 173 171 171 171 171 171 171 178 178 178 178 178 178 178 178 178 178 180 180 180 180 180 180 180 181 181 181 181 181 181 175 175 175 175 175 175 175 175 175 179 179 179 182 164 164 164 164 164 164 164 182 182 182 182 165 165 183 177 177 177 177 177 162 168 168 168 168 168 168 168 172 172 172 172 172 172 172 184 184 184
185 185 185 185 185 185 185 185 186 186 186 186 186 186 186 186 154 154 154 154 174 174 174 174 174 174 174 174 173 173 173 173 173 173 173 187 187 171 171 171 178 178 178 178 178 178 178 178 178 178 180 180 180 180 180 181 181 181 181 181 181 181 181 175 175 175 175 175 175 175 188 175 179 179 179 182 182 164 164 164 164 164 182 182 182 182 182 165 165 183 177 177 177 177 177 162 168 168 168 168 168 168 168 168 184 184 184 184 184 184 184 184 184
185 185 185 185 185 185 185 185 186 186 186 186 186 186 186 186 154 189 154 154 174 174 174 174 174 174 174 174 174 173 173 173 173 173 173 187 187 187 187 171 178 178 178 178 178 178 178 178 178 180 180 180 180 180 181 181 181 181 181 181 181 181 181 190 190 175 175 175 188 188 188 175 179 179 179 182 182 182 182 182 182 182 182 182 182 182 182 165 165 183 183 177 177 177 177 162 168 168 168 168 168 168 168 168 184 184 184 184 184 184 184 184 184
185 185 185 185 185 185 185 185 186 186 186 186 186 186 186 186 154 189 189 174 174 174 174 174 174 174 174 174 174 174 173 173 173 187 187 187 187 187 187 187 187 178 178 178 178 178 178 178 178 180 180 180 180 181 181 181 181 181 181 181 181 181 181 190 190 175 175 175 188 188 188 188 179 179 179 182 182 182 182 182 182 182 182 182 182 182 182 165 165 183 183 177 177 177 177 162 168 168 168 168 168 168 168 168 184 184 184 184 184 184 184 184 184
185 185 185 185 185 185 185 185 186 186 186 186 186 186 186 186 154 189 189 174 174 174 174 174 174 174 191 191 191 191 191 173 187 187 187 187 187 187 187 187 187 187 187 187 178 178 178 178 180 180 180 180 180 181 181 181 181 181 181 181 181 181 190 190 190 175 175 188 188 188 188 188 179 179 182 182 182 182 182 182 182 182 182 182 182 182 182 165 165 183 183 177 177 177 177 177 168 168 168 168 168 168 168 168 184 184 184 184 184 184 184 184 184
185 185 185 185 185 185 185 185 186 186 186 186 186 186 186 186 154 189 189 174 174 174 174 174 174 191 191 191 191 191 191 191 192 192 187 187 187 187 187 187 193 193 193 193 193 193 193 180 180 180 180 180 181 181 181 181 181 181 181 181 181 181 190 190 190 190 175 188 188 188 188 179 179 179 182 182 182 182 182 182 182 182 182 182 182 182 182 165 183 183 183 177 177 177 177 177 177 177 177 168 168 168 168 168 184 184 184 184 184 184 184 184 184
185 185 185 185 185 185 185 185 186 186 186 186 186 186 186 186 154 189 189 194 194 174 174 191 191 191 191 191 191 191 191 191 191 192 192 192 192 192 187 187 187 193 193 193 193 193 193 193 193 180 180 180 180 181 181 181 181 181 181 181 181 190 190 190 190 190 175 188 188 188 188 179 179 182 182 182 182 182 182 182 182 182 182 182 182 182 182 165 183 183 177 177 195 195 195 177 177 177 177 168 168 168 168 168 168 184 184 184 184 184 184 184 184
185 185 185 185 185 185 185 185 186 186 186 186 186 186 186 186 154 189 189 194 194 194 194 191 191 191 191 191 191 191 191 191 191 192 192 192 192 192 192 192 193 193 193 193 193 193 193 193 193 193 193 180 180 180 180 181 181 181 181 181 190 190 190 190 190 190 190 188 188 188 179 179 179 179 182 182 182 182 182 182 182 182 182 182 182 196 196 183 183 177 177 177 195 195 195 177 177 177 177 168 168 168 168 168 168 184 184 184 184 184 184 184 184
197 197 197 197 197 197 197 197 198 198 198 198 198 198 198 198 154 189 189 194 194 194 194 191 191 191 191 191 191 191 191 191 191 192 192 192 192 192 192 192 192 199 199 193 193 193 193 193 193 193 193 193 180 180 180 180 190 190 190 190 190 190 190 190 190 190 190 188 188 188 179 179 179 179 179 182 182 182 182 182 182 182 182 182 196 196 183 183 177 177 177 177 195 195 195 195 195 195 177 177 168 168 168 195 168 200 200 200 200 200 200 200 200
197 197 197 197 197 197 197 197 198 198 198 198 198 198 198 198 154 189 189 194 194 194 194 194 191 191 191 191 191 191 191 191 191 192 192 192 192 192 192 192 192 199 199 199 199 199 199 180 180 180 180 180 180 180 180 180 180 190 190 190 190 190 190 190 190 190 190 201 188 188 179 179 179 179 196 196 196 196 196 196 196 196 196 196 196 196 183 183 177 177 177 177 177 195 195 195 195 195 195 177 177 168 168 195 168 200 200 200 200 200 200 200 200
197 197 197 197 197 197 197 197 198 198 198 198 198 198 198 198 154 189 194 194 194 194 194 194 191 191 191 191 191 191 191 191 191 192 192 192 192 192 192 192 192 199 199 199 199 199 199 199 199 199 190 190 190 180 180 180 180 190 190 190 190 190 190 190 190 201 201 201 201 188 188 188 196 196 196 196 196 196 196 196 196 196 196 196 196 183 183 177 177 177 177 177 177 195 195 195 195 195 195 195 177 177 177 195 168 200 200 200 200 200 200 200 200
197 197 197 197 197 197 197 197 198 198 198 198 198 198 198 198 189 189 194 194 194 194 194 194 191 191 191 191 191 191 191 191 191 192 192 192 192 192 192 192 199 199 199 199 199 199 199 199 199 202 202 202 190 190 190 190 190 190 190 190 190 190 190 190 203 203 203 201 201 188 188 188 188 188 188 188 188 188 204 204 204 204 183 183 183 183 177 177 177 177 177 177 195 195 195 195 195 195 195 195 195 177 177 195 168 200 200 200 200 200 200 200 200
197 197 197 197 197 197 197 197 198 198 198 198 198 198 198 198 189 189 194 194 194 194 194 194 194 191 191 191 191 191 191 191 191 192 192 192 192 192 192 199 199 199 199 199 199 199 199 199 199 202 202 202 202 202 190 190 190 190 190 190 190 190 203 203 203 203 203 203 201 201 201 201 188 188 188 188 188 204 204 204 204 183 183 183 183 177 177 177 177 177 177 177 195 195 195 195 195 195 195 195 195 195 195 195 168 200 200 200 200 200 200 200 200
197 197 197 197 197 197 197 197 198 198 198 198 198 198 198 198 189 189 194 194 194 194 194 194 194 205 205 205 205 205 205 205 205 205 192 192 192 192 192 199 199 199 199 199 199 199 199 199 202 202 202 202 202 202 202 202 206 206 206 206 206 206 206 203 203 203 203 203 201 201 201 201 207 207 207 188 204 204 204 204 204 204 183 183 183 183 183 183 183 183 183 183 195 195 195 195 195 195 195 195 195 195 195 195 168 200 200 200 200 200 200 200 200
197 197 197 197 197 197 197 197 198 198 198 198 198 198 198 189 189 194 194 194 194 194 194 194 208 205 205 205 205 205 205 205 205 205 209 209 209 209 209 209 199 199 199 199 199 199 199 199 202 202 202 202 202 202 202 202 206 206 206 206 206 206 206 203 203 203 203 203 203 201 201 201 207 207 207 207 207 207 207 207 204 204 204 204 204 204 204 204 204 204 204 204 204 204 195 195 195 195 195 195 195 195 195 195 168 200 200 200 200 200 200 200 200
210 210 210 210 210 210 210 210 198 198 198 198 198 198 198 189 189 194 194 194 194 208 208 208 208 205 205 205 205 205 205 205 205 209 209 209 209 209 209 209 199 199 199 199 199 199 199 199 202 202 202 202 202 202 202 202 206 206 206 206 206 206 206 203 203 203 203 203 203 201 201 201 201 207 207 207 207 207 207 207 207 207 207 211 211 211 211 211 211 211 211 212 212 212 195 195 195 195 195 195 195 195 195 195 213 213 213 213 213 213 213 213 213
210 210 210 210 210 210 210 210 214 214 214 214 214 214 214 189 189 194 208 208 208 208 208 208 208 208 205 205 205 205 205 205 205 209 209 209 209 209 209 209 209 199 199 215 215 215 215 215 202 202 202 202 202 202 202 202 206 206 206 206 206 206 206 203 203 203 203 203 203 203 201 201 201 207 207 207 207 207 207 207 207 207 211 211 211 211 211 211 211 211 211 212 212 212 212 212 212 212 212 212 212 212 212 213 213 213 213 213 213 213 213 213 213
210 210 210 210 210 210 210 210 214 214 214 214 214 214 214 189 189 208 208 208 208 208 208 208 208 208 205 205 205 205 205 205 205 209 209 209 209 209 209 209 209 215 215 215 215 215 215 215 215 202 202 202 202 202 202 202 206 206 206 206 206 206 206 203 203 203 203 203 203 203 201 201 201 201 207 207 207 207 207 207 207 207 211 211 211 211 211 211 211 211 211 212 212 212 212 212 212 212 212 212 212 212 213 213 213 213 213 213 213 213 213 213 213
210 210 210 210 210 210 210 210 214 214 214 214 214 214 214 189 189 208 208 208 208 208 208 208 208 208 205 205 205 205 205 205 205 209 209 209 209 209 209 209 209 215 215 215 215 215 215 215 215 215 202 202 202 202 202 206 206 206 206 206 206 206 206 203 203 203 203 203 203 203 216 201 201 201 201 207 207 207 207 207 207 207 211 211 211 211 211 211 211 211 211 212 212 212 212 212 212 212 212 212 212 212 213 213 213 213 213 213 213 213 213 213 213
210 210 210 210 210 210 210 214 214 214 214 214 214 214 214 189 189 208 208 208 208 208 208 208 208 208 205 205 205 205 205 205 205 209 209 209 209 209 209 209 209 215 215 215 215 215 215 215 215 215 202 202 202 202 202 206 206 206 206 206 206 206 206 203 203 203 203 203 203 216 216 216 201 201 201 207 207 207 207 207 207 207 211 211 211 211 211 211 211 211 211 212 212 212 212 212 212 212 212 212 212 212 213 213 213 213 213 213 213 213 213 213 213
210 210 210 210 210 210 210 214 214 214 214 214 214 214 214 214 217 208 208 208 208 208 208 208 208 208 208 205 205 205 205 205 205 218 209 209 209 209 209 209 209 215 215 215 215 215 215 215 215 215 215 202 202 202 219 206 206 206 206 206 206 206 206 203 203 203 203 203 216 216 216 216 216 201 201 201 207 207 207 207 207 211 211 211 211 211 211 211 211 211 211 212 212 212 212 212 212 212 212 212 212 220 220 220 213 213 213 213 213 213 213 213 213
210 210 210 210 210 210 210 214 214 214 214 214 214 214 214 214 217 208 208 208 208 208 208 208 208 208 221 221 205 205 205 205 218 218 218 209 209 209 209 222 222 215 215 215 215 215 215 215 215 215 215 219 219 219 219 219 219 206 206 206 223 223 223 223 223 203 203 216 216 216 216 216 216 201 201 201 201 207 207 207 207 224 211 211 211 211 211 211 211 211 211 225 212 212 212 212 212 212 212 220 220 220 220 220 220 213 213 213 213 213 213 213 213
210 210 210 210 226 226 226 214 214 214 214 214 214 214 214 214 217 208 208 208 208 208 208 208 208 221 221 221 221 221 205 218 218 218 218 218 209 222 222 222 222 222 215 215 215 215 215 215 215 215 219 219 219 219 219 219 219 219 223 223 223 223 223 223 223 223 216 216 216 216 216 216 216 201 201 201 201 207 207 207 224 224 224 224 224 224 211 211 211 211 225 225 225 225 225 212 212 212 220 220 220 220 220 220 220 220 213 227 227 227 227 227 227
226 226 226 226 226 226 226 226 214 214 214 214 214 214 217 217 217 217 208 208 208 208 208 221 221 221 221 221 221 221 221 218 218 218 218 218 222 222 222 222 222 222 222 215 215 228 228 228 228 228 219 219 219 219 219 219 219 219 223 223 223 223 223 223 223 223 216 216 216 216 216 216 201 201 201 201 229 229 229 224 224 224 224 224 224 224 224 224 224 225 225 225 225 225 225 225 225 220 220 220 220 220 220 220 220 220 227 227 227 227 227 227 227
226 226 226 226 226 226 226 226 226 214 214 214 214 214 217 217 217 217 217 208 208 208 221 221 221 221 221 221 221 221 218 218 218 218 218 218 222 222 222 222 222 222 222 228 228 228 228 228 228 228 219 219 219 219 219 219 219 219 223 223 223 223 223 223 223 223 216 216 216 216 216 201 201 201 201 229 229 229 229 224 224 224 224 224 224 224 224 224 224 225 225 225 225 225 225 225 225 225 220 220 220 220 220 220 220 220 227 227 227 227 227 227 227
226 226 226 226 226 226 226 226 226 226 214 214 226 217 217 217 217 217 217 217 217 217 221 221 221 221 221 221 221 221 218 218 218 218 218 218 222 222 222 222 222 222 222 228 228 228 228 228 228 228 219 219 219 219 219 219 219 219 223 223 223 223 223 223 223 223 216 216 216 216 201 201 201 201 229 229 229 229 229 229 224 224 224 224 224 224 224 224 224 225 225 225 225 225 225 225 225 225 220 220 220 220 220 220 220 220 227 227 227 227 227 227 227
226 226 226 226 226 226 226 226 226 226 226 226 226 217 217 217 217 217 217 217 217 217 221 221 221 221 221 221 221 221 218 218 218 218 218 218 222 222 222 222 222 222 222 228 228 228 228 228 228 228 228 219 219 219 219 219 219 219 223 223 223 223 223 223 223 223 216 216 216 216 201 201 201 229 229 229 229 229 229 229 224 224 224 224 224 224 224 224 224 225 225 225 225 225 225 225 225 225 220 220 220 220 220 220 220 227 227 227 227 227 227 227 227
226 226 226 226 226 226 226 226 226 226 226 226 217 217 217 217 217 217 217 217 217 217 217 221 221 221 221 221 221 221 218 218 218 218 218 218 218 222 222 222 222 222 222 228 228 228 228 228 228 228 228 219 219 219 219 219 219 219 223 223 223 223 223 223 223 223 216 216 216 201 201 201 229 229 229 229 229 229 229 229 224 224 224 224 224 224 224 224 224 225 225 225 225 225 225 225 225 225 220 220 220 220 220 220 220 227 227 227 227 227 227 227 227
226 226 226 226 226 226 226 226 226 226 226 217 217 217 217 217 217 217 217 217 217 217 217 221 221 221 221 221 221 221 218 218 218 218 218 218 218 222 222 222 222 222 222 228 228 228 228 228 228 228 228 219 219 219 219 219 219 219 223 223 223 223 223 223 223 223 216 216 216 201 201 229 229 229 229 229 229 229 229 229 224 224 224 224 224 224 224 224 224 225 225 225 225 225 225 225 225 225 220 220 220 220 220 220 220 227 227 227 227 227 227 227 227
226 226 226 226 226 226 226 226 226 226 217 217 217 217 217 217 217 217 217 217 217 217 217 221 221 221 221 221 221 221 221 218 218 218 218 218 218 222 222 222 222 222 222 228 228 228 228 228 228 228 228 219 219 219 219 219 219 219 223 223 223 223 223 223 223 223 216 216 216 201 201 229 229 229 229 229 229 229 229 229 229 224 224 224 224 224 224 224 224 225 225 225 225 225 225 225 225 225 220 220 220 220 220 220 220 227 227 227 227 227 227 227 227
